Frequency Contributions 
-0.372924836651774 0.10000192634085724 0.10000129266113428 0.13394505534493356 0.13394477594963075 0.11620833407098075 0.1162083340709704 0.11620633649037326 0.1162063364903817 0.008397123480334527 0.008397123480335406 0.008422225431628863 0.008422225431628117 0.008422291717765967 0.00842229171776538 0.0083971636606402 0.008397163660639457 
 -0.37292483661365083 0.1000012926611351 0.10000192634085744 0.13394477594964743 0.1339450553449212 0.11620633649044551 0.11620633649032742 0.11620833407088095 0.11620833407104675 0.008397163660635787 0.008397163660641771 0.008422291717770387 0.008422291717761696 0.008422225431634211 0.008422225431623083 0.008397123480339753 0.008397123480331845 
 0.27895380952812127 0.1000100832883818 0.10001008328834789 0.13328528407557913 0.13328528407562473 0.11657907538577385 0.11657907538582624 0.11657907538574545 0.11657907538577698 0.008391855267593814 0.008391855267596783 0.008381385664638571 0.008381385664642102 0.008381385664639081 0.008381385664637378 0.008391855267595656 0.008391855267600485 
 54.16622217854037 1.2641774107309984e-26 7.66209108329722e-27 7.750081445282927e-27 2.1281110046448212e-26 0.22885196619452247 0.228851966194683 0.22885196619444417 0.228851966194324 0.007480254550212026 0.0074802545502053825 0.013667779255295878 0.013667779255305565 0.013667779255283697 0.013667779255292542 0.00748025455021185 0.007480254550219203 
 83.54279138366334 1.3647160093735968e-27 1.0991887845724894e-26 1.189732571947469e-26 4.341917771684526e-27 0.2298266612467043 0.22982666124673126 0.22982666124702203 0.2298266612468492 0.006927817586999612 0.0069278175869923785 0.01324552116617583 0.013245521166172674 0.013245521166184502 0.013245521166190214 0.006927817586988918 0.006927817586989101 
 113.1657126467424 0.06219324471457472 0.06010576846957094 0.07919250727073175 0.09809140327874077 0.15099379196084298 0.1509937919608569 0.1791199243632769 0.17911992436328175 0.007735948235836831 0.007735948235836966 0.0031550792531544482 0.003155079253154629 0.0026056073295075487 0.002605607329507488 0.006598186990562563 0.006598186990563019 
 113.1657126467466 0.0601057684695724 0.062193244714583984 0.09809140327874864 0.07919250727073422 0.17911992436333335 0.17911992436320417 0.15099379196081286 0.15099379196088653 0.0065981869905614 0.00659818699056443 0.002605607329508544 0.002605607329506824 0.0031550792531558625 0.003155079253154363 0.007735948235838333 0.007735948235834087 
 134.54372259072537 0.10352843261451532 0.10352843261455054 0.1426889543051603 0.1426889543051122 0.11362230080924722 0.11362230080919707 0.11362230080927076 0.11362230080924852 0.008368785845001796 0.008368785845000242 0.004900219885925851 0.004900219885922014 0.004900219885925133 0.004900219885926723 0.00836878584499998 0.008368785844996588 
 170.8817793837454 0.015127718909237335 0.016039604132932365 0.31308725945554994 0.292489382444094 0.07919676615151118 0.07919676615155263 0.06460918010979134 0.06460918010984248 0.00924465178005129 0.00924465178005488 0.010011955708357143 0.010011955708359686 0.007091829760314052 0.007091829760310745 0.011473634019019439 0.011473634019021881 
 170.88177938374773 0.016039604132938926 0.015127718909236988 0.2924893824440844 0.3130872594555769 0.06460918010980038 0.0646091801098161 0.07919676615153645 0.0791967661515237 0.011473634019020991 0.011473634019020237 0.007091829760311775 0.0070918297603131215 0.010011955708357795 0.010011955708358871 0.009244651780051422 0.009244651780052494 
 218.33691114450812 0.028088478254734393 0.028162685516264354 0.21568185788246216 0.20331882961205328 0.11033600600264895 0.11033600600265231 0.10274089875455053 0.10274089875454302 0.012920496949432673 0.012920496949432357 0.01157659381600584 0.011576593816006729 0.010932634842452875 0.01093263484245333 0.013867444002153336 0.013867444002153697 
 218.33691114450951 0.02816268551626479 0.02808847825473618 0.20331882961204853 0.2156818578824542 0.10274089875454892 0.10274089875454719 0.11033600600265223 0.11033600600265496 0.013867444002153905 0.013867444002154066 0.010932634842453522 0.010932634842453354 0.011576593816006816 0.011576593816006522 0.012920496949432897 0.012920496949432756 
 395.85248000512763 7.561552630323258e-31 8.02561920372799e-30 4.820090803542893e-30 8.771194577828784e-31 0.020358341015157762 0.020358341015157343 0.020358341015158016 0.02035834101515773 0.12732325009083983 0.1273232500908355 0.10231840889400551 0.10231840889400519 0.10231840889400332 0.10231840889400608 0.12732325009083792 0.1273232500908382 
 529.6363708672917 0.030893381659117296 0.0024581236673035874 0.0020894767246271333 0.014388076493141352 0.042809765758480924 0.042809765758480875 0.0025472399775493806 0.0025472399775493602 0.008692821910127371 0.008692821910127544 0.19774621022686334 0.1977462102268639 0.008020031383485742 0.00802003138348572 0.21526940147139845 0.21526940147139767 
 529.6363708672925 0.0024581236673035557 0.0308933816591163 0.014388076493141791 0.002089476724626916 0.0025472399775492826 0.0025472399775496347 0.04280976575848152 0.04280976575848138 0.2152694014713954 0.2152694014714003 0.008020031383484871 0.008020031383486451 0.19774621022686276 0.19774621022686448 0.008692821910127397 0.008692821910127865 
 551.693518864994 0.038203740216109616 0.038203740216113655 0.06447640062803184 0.06447640062802516 0.11389182933554697 0.11389182933554381 0.11389182933555186 0.11389182933556 0.05167471785658259 0.05167471785659945 0.033093382385788545 0.033093382385790106 0.03309338238580331 0.033093382385781835 0.05167471785658513 0.05167471785658618 
 556.7989487095938 0.0006848389571657247 0.08986995699399095 0.3935690666798703 0.002768587085120103 0.0007049811743251703 0.0007049811743245244 0.1566772101121946 0.15667721011218494 0.024835180922787015 0.02483518092276658 0.0025626317581751985 0.0025626317581734915 0.0686869798078469 0.06868697980787228 0.003086791366601453 0.003086791366600352 
 556.7989487095952 0.08986995699399068 0.0006848389571657825 0.0027685870851199747 0.3935690666798714 0.15667721011218974 0.15667721011218932 0.0007049811743248447 0.0007049811743248794 0.0030867913666010873 0.0030867913666011854 0.06868697980785973 0.06868697980785894 0.002562631758174084 0.0025626317581741104 0.024835180922777023 0.024835180922776326 
 575.416785711004 0.04342677248962968 0.043426772489624725 0.07529272546918551 0.07529272546919465 0.0998227814863746 0.09982278148637656 0.09982278148636572 0.09982278148636622 0.056273729744774896 0.056273729744777345 0.03454373978944342 0.03454373978944348 0.0345437397894418 0.03454373978943879 0.05627372974478111 0.05627372974478122 
 603.0722130021771 4.2749932006901086e-30 2.1837484620111097e-29 3.674805593670727e-29 1.4717685545226798e-29 0.0007134893362372828 0.0007134893362371407 0.0007134893362371169 0.000713489336237338 0.1190847263527553 0.11908472635275236 0.1302017843110099 0.13020178431100868 0.1302017843110079 0.13020178431100565 0.11908472635275576 0.11908472635275626 
 652.1272367267374 1.2158653046260814e-30 2.2736424085509453e-30 8.141537991244029e-30 1.4682178409424314e-30 0.0007896927903488436 0.0007896927903487999 0.0007896927903489415 0.0007896927903489493 0.11519649535895089 0.11519649535894984 0.134013811850699 0.13401381185069808 0.13401381185070338 0.13401381185070382 0.11519649535895107 0.11519649535895066 
 690.5999601988545 1.4888948202830057e-31 1.384071038520912e-29 4.655414556326312e-30 2.5235286460318686e-31 0.01945984941693628 0.019459849416935862 0.019459849416935807 0.019459849416936657 0.1239874560602545 0.12398745606025434 0.10655269452281323 0.10655269452281235 0.10655269452281116 0.10655269452280913 0.12398745606025156 0.12398745606025156 
 753.7894189213102 0.0005560738257646819 0.6471707800619353 0.051314276265767914 0.0010630944276448422 0.0004454473352317545 0.00044544733523165664 0.035096515143079786 0.03509651514307868 0.003172645596591586 0.0031726455965915843 0.0002600553847497791 0.0002600553847499256 0.11086088728507885 0.11086088728507801 0.00011233696471275164 0.00011233696471278404 
 753.7894189213109 0.6471707800619326 0.0005560738257643812 0.00106309442764493 0.05131427626576657 0.03509651514307868 0.03509651514307859 0.00044544733523174484 0.0004454473352317482 0.00011233696471278183 0.0001123369647128036 0.11086088728508015 0.11086088728508056 0.0002600553847499891 0.00026005538474996575 0.0031726455965919173 0.003172645596591921 
 788.7351249514484 0.0008231678500147668 0.11710253287568914 0.038944431913711386 0.006275748535107537 0.004944834979404625 0.004944834979404703 0.0006228049800470079 0.0006228049800470274 0.24249297620825974 0.24249297620826327 0.0008100352197030228 0.0008100352197029363 0.16840867486209216 0.16840867486209332 0.0011477331632297372 0.0011477331632297955 
 788.7351249514489 0.11710253287569286 0.0008231678500155914 0.00627574853510751 0.03894443191371259 0.0006228049800470388 0.0006228049800470538 0.004944834979404746 0.00494483497940466 0.0011477331632296479 0.0011477331632296865 0.16840867486208966 0.1684086748620913 0.0008100352197026287 0.0008100352197026525 0.24249297620826102 0.24249297620826119 
 1013.8518129275989 0.0050395688855210926 0.005039568885520039 0.09427022575491584 0.09427022575495818 0.16146618635703996 0.16146618635704033 0.161466186356981 0.1614661863569815 0.0027594731457352816 0.0027594731457354625 0.0361194431770311 0.036119443177030724 0.03611944317701786 0.03611944317701851 0.002759473145736771 0.002759473145736854 
 1017.7177623409757 0.0018504082239837818 0.0018504082239849465 0.12065831860505566 0.1206583186050159 0.1482043881477307 0.14820438814773051 0.1482043881477895 0.1482043881477894 0.005236320294663272 0.005236320294663045 0.03530492814306061 0.035304928143060174 0.03530492814307505 0.03530492814307451 0.005236320294661904 0.0052363202946620795 
 1073.049060730201 0.003572543979354946 0.01750371638525497 0.01079990890099035 0.0011156417476315666 0.010652704341243093 0.010652704341241657 0.10277484181879916 0.10277484181879727 0.22677330069177393 0.22677330069177154 0.011359136737066337 0.011359136737065652 0.10738188530477102 0.10738188530477266 0.024562225599735008 0.024562225599733225 
 1073.0490607302015 0.017503716385254917 0.0035725439793550012 0.0011156417476315935 0.010799908900990387 0.10277484181879813 0.10277484181879709 0.010652704341242403 0.010652704341242337 0.024562225599734103 0.024562225599733905 0.10738188530477226 0.1073818853047715 0.01135913673706595 0.011359136737066063 0.22677330069177307 0.22677330069177154 
 1128.0373279307996 0.009286444611816358 0.009286444611815796 0.12150816251733826 0.12150816251734588 0.04305914438921742 0.04305914438921824 0.04305914438921385 0.04305914438921554 0.06961703234179785 0.06961703234180149 0.07192651970440501 0.07192651970440603 0.0719265197044001 0.07192651970439715 0.0696170323418045 0.06961703234180623 
 1168.9163070426403 0.004752934938956627 0.00475293493895682 0.09428308360734328 0.09428308360733383 0.039379378613075486 0.03937937861307517 0.03937937861307901 0.03937937861307857 0.07162821072842966 0.07162821072842909 0.0894744013853464 0.08947440138534578 0.08947440138535108 0.08947440138535172 0.07162821072842265 0.07162821072842389 
 1478.931813654887 0.0005181120199263824 0.5281088327196488 0.00619656183306374 0.0003100670367369846 2.0804566242480363e-05 2.0804566242484422e-05 0.04087864945321744 0.04087864945321762 0.024263716748122038 0.024263716748120084 0.0002492623538759665 0.00024926235387595094 0.1666026748921256 0.16660267489212707 0.0004181051817283529 0.00041810518172834114 
 1478.9318136548884 0.5281088327196474 0.0005181120199263892 0.00031006703673698555 0.006196561833063681 0.040878649453217626 0.04087864945321668 2.0804566242479154e-05 2.0804566242482745e-05 0.0004181051817283101 0.0004181051817284193 0.16660267489212607 0.16660267489212952 0.0002492623538759449 0.0002492623538759611 0.02426371674812486 0.024263716748118502 
 1493.858110035851 0.282781269281315 0.28278126928131075 0.06700694186578515 0.06700694186578596 0.00630944097245014 0.006309440972449821 0.006309440972449867 0.006309440972449818 0.0615259973413418 0.06152599734134341 0.007270456112654954 0.00727045611266021 0.00727045611265799 0.007270456112657039 0.06152599734133979 0.06152599734134741 
 1560.041494585499 0.2781980144083821 0.27819801440838887 0.0615534796689548 0.06155347966895269 0.009296382738051214 0.009296382738051091 0.009296382738051327 0.009296382738051133 0.06564547337439332 0.06564547337439991 0.005182396848881518 0.005182396848882782 0.005182396848882972 0.005182396848881056 0.06564547337439587 0.0656454733743989 
 1609.98835681877 1.996957113345093e-05 0.15094573902011552 0.0013073244166155204 6.308164697071768e-07 5.036858807257712e-05 5.03685880725836e-05 0.11320220554685653 0.1132022055468557 0.180550659133091 0.18055065913308405 5.81608826517868e-05 5.8160882651781436e-05 0.12918176783346935 0.1291817678334719 0.0008200061036941843 0.0008200061036941512 
 1609.9883568187702 0.15094573902011796 1.9969571133450532e-05 6.308164697072624e-07 0.0013073244166155373 0.11320220554686672 0.113202205546847 5.0368588072645664e-05 5.0368588072514434e-05 0.0008200061036942497 0.000820006103694049 0.12918176783348742 0.12918176783345167 5.81608826516714e-05 5.8160882651894125e-05 0.18055065913310456 0.18055065913306942 
 1622.358742869944 0.06808479286584468 0.06808479286584355 0.010544500705341112 0.010544500705341263 0.04314468869457845 0.04314468869459784 0.04314468869458853 0.04314468869458918 0.06844580183628873 0.0684458018362898 0.09909486268351674 0.09909486268354267 0.09909486268353229 0.09909486268353072 0.06844580183627284 0.0684458018363013 
 1658.4043942962953 0.06358655117034226 0.06358655117034127 0.013892644264601198 0.013892644264601324 0.034577428422526806 0.03457742842252906 0.03457742842252737 0.034577428422527534 0.06410076533718721 0.06410076533718767 0.11258220852281285 0.11258220852281457 0.11258220852281223 0.11258220852281155 0.06410076533718725 0.06410076533718995 
 3308.3680428709235 4.152305744550255e-05 2.338832243281679e-06 7.036956091338042e-05 1.0767047384317206e-05 0.019999268754698554 0.019999268754698426 0.0005637201754095211 0.0005637201754095201 0.0033192011431306514 0.0033192011431306756 0.34855518708817823 0.348555187088176 0.009824418893914456 0.00982441889391447 0.11767570469567655 0.11767570469567533 
 3308.368042870924 2.3388322432811816e-06 4.1523057445501374e-05 1.07670473843165e-05 7.03695609133824e-05 0.0005637201754095308 0.0005637201754095166 0.019999268754698655 0.01999926875469856 0.11767570469567476 0.11767570469567304 0.009824418893914569 0.009824418893914444 0.3485551870881784 0.34855518708818034 0.003319201143130766 0.0033192011431304826 
 3339.5709022646884 0.0007984021770195464 0.000798402177019508 0.0003109160320722542 0.00031091603207223707 0.011463092824781399 0.0114630928247815 0.011463092824784128 0.01146309282478413 0.0532696692909867 0.05326966929098697 0.18471257877967232 0.18471257877967381 0.18471257877971378 0.1847125787797136 0.053269669290968734 0.05326966929096903 
 3348.6865498046354 1.590461186284843e-05 1.5904611862876638e-05 1.97741715640176e-05 1.9774171564037412e-05 0.011251401134755227 0.011251401134755345 0.011251401134752644 0.011251401134752752 0.09504627557240106 0.09504627557240126 0.14368448390114083 0.14368448390114244 0.14368448390110297 0.1436844839011006 0.09504627557241987 0.09504627557242039 
 3457.137300465685 1.748735695236535e-07 7.474651010079967e-06 2.5177397377032763e-06 2.2381537259829973e-05 0.0005620106308900348 0.0005620106308885516 0.048035388760240084 0.04803538876025527 0.3401913976674902 0.34019139766760054 0.001243400956361607 0.001243400956358513 0.10597038127040483 0.10597038127037259 0.00398114631378518 0.0039811463137743655 
 3457.137300465686 7.4746510100785705e-06 1.748735695234978e-07 2.2381537259830803e-05 2.5177397377035685e-06 0.04803538876024831 0.04803538876024717 0.0005620106308893615 0.0005620106308892483 0.0039811463137801465 0.003981146313779304 0.10597038127039236 0.10597038127038987 0.001243400956359988 0.0012434009563602197 0.3401913976675474 0.3401913976675394 
 3458.8718802909784 1.96822377488828e-08 1.968223774895668e-08 3.088425126196651e-05 3.088425126196438e-05 0.023984880602548594 0.02398488060255124 0.02398488060255768 0.02398488060254329 0.1798504968067681 0.17985049680666357 0.046149170623983174 0.046149170623988524 0.04614917062397164 0.04614917062400138 0.17985049680670157 0.17985049680672097 
 3490.649072760458 0.0004366605340811871 0.0004366605340811899 0.0001777040778098653 0.00017770407780987152 0.02394760008628895 0.023947600086288927 0.02394760008628888 0.023947600086288056 0.1381653952160905 0.13816539521608626 0.0875798223916764 0.0875798223916759 0.0875798223916734 0.08757982239167655 0.1381653952160922 0.1381653952160921 
 